variable,area_m2,bedrooms,bathrooms,floors,frontage,price_million_vnd,price_per_m2
area_m2,1.0,0.011202981119776696,0.006735529887568855,0.026798054164541743,0.02095679838370264,0.07048528618340175,-0.0026633970611857397
bedrooms,0.011202981119776696,1.0,0.9554405335137836,0.051560760127479725,0.052947370388014114,0.3099286952203319,0.023924607355868443
bathrooms,0.006735529887568855,0.9554405335137836,1.0,0.05573096162611772,0.05225605732120788,0.3243877402046166,0.029991129838964667
floors,0.026798054164541743,0.051560760127479725,0.05573096162611772,1.0,-0.0012806206099624036,0.05309235203614166,0.021363954345322508
frontage,0.02095679838370264,0.052947370388014114,0.05225605732120788,-0.0012806206099624036,1.0,0.1688999246112199,0.011602213472289515
price_million_vnd,0.07048528618340175,0.3099286952203319,0.3243877402046166,0.05309235203614166,0.1688999246112199,1.0,0.16986180341176005
price_per_m2,-0.0026633970611857397,0.023924607355868443,0.029991129838964667,0.021363954345322508,0.011602213472289515,0.16986180341176005,1.0
